=== Multivariable Cox Model (Top 10 Features) ===
Call:
coxph(formula = Surv(time, outcome) ~ ., data = cbind(outcomes, 
    X_top50))

  n= 42399, number of events= 147 

               coef exp(coef)  se(coef)      z Pr(>|z|)    
SLAMF7     0.215873  1.240945  0.114625  1.883 0.059660 .  
SLAMF1     0.381600  1.464626  0.099546  3.833 0.000126 ***
TNFRSF17   0.170775  1.186224  0.110457  1.546 0.122086    
CNTN5      0.157471  1.170546  0.091539  1.720 0.085387 .  
QPCT       0.269128  1.308822  0.108442  2.482 0.013073 *  
TNFSF13B  -0.366253  0.693327  0.119509 -3.065 0.002179 ** 
FCRL5      0.040587  1.041422  0.122528  0.331 0.740459    
IL5RA      0.198540  1.219620  0.076945  2.580 0.009872 ** 
LY9        0.308490  1.361368  0.130481  2.364 0.018067 *  
FRZB       0.175617  1.191982  0.108600  1.617 0.105857    
CD79B      0.234291  1.264012  0.133241  1.758 0.078679 .  
ICAM3     -0.304210  0.737706  0.117695 -2.585 0.009745 ** 
TNFSF13   -0.675474  0.508915  0.139254 -4.851 1.23e-06 ***
CD48       0.209569  1.233147  0.139988  1.497 0.134379    
SMOC1     -0.047783  0.953341  0.144858 -0.330 0.741508    
COL18A1    0.280436  1.323707  0.177670  1.578 0.114471    
HGF       -0.123028  0.884239  0.138006 -0.891 0.372679    
EDA2R      0.082116  1.085582  0.178288  0.461 0.645101    
RNASET2    0.081655  1.085081  0.135048  0.605 0.545421    
ADA2       0.124576  1.132668  0.151036  0.825 0.409478    
LTBP2      0.229130  1.257505  0.193077  1.187 0.235335    
ADM        0.341569  1.407153  0.174787  1.954 0.050678 .  
MERTK     -0.045190  0.955816  0.117048 -0.386 0.699438    
FCRLB      0.207238  1.230275  0.057161  3.625 0.000288 ***
BMP6       0.071099  1.073688  0.118742  0.599 0.549325    
CEACAM16  -0.028221  0.972173  0.101769 -0.277 0.781542    
RELT       0.507467  1.661079  0.144796  3.505 0.000457 ***
MZB1       0.065744  1.067954  0.130070  0.505 0.613241    
ANGPTL4    0.207032  1.230022  0.135792  1.525 0.127352    
FCRL2      0.140023  1.150300  0.095002  1.474 0.140510    
CD274     -0.396126  0.672922  0.132518 -2.989 0.002797 ** 
CDCP1      0.208494  1.231822  0.155358  1.342 0.179589    
CD38      -0.182556  0.833138  0.171970 -1.062 0.288437    
GALNT10    0.049634  1.050887  0.118735  0.418 0.675928    
TNFRSF13B -0.001935  0.998067  0.093383 -0.021 0.983472    
MAN1A2    -0.118465  0.888283  0.123896 -0.956 0.338986    
PAM       -0.084134  0.919308  0.124782 -0.674 0.500155    
CRELD2     0.077245  1.080306  0.163243  0.473 0.636078    
CHRDL1    -0.255536  0.774501  0.160736 -1.590 0.111883    
FABP1      0.244992  1.277612  0.218213  1.123 0.261555    
FCGR2A     0.218809  1.244594  0.127524  1.716 0.086193 .  
SIRPB1     0.152666  1.164936  0.130266  1.172 0.241214    
HYOU1      0.268028  1.307384  0.162028  1.654 0.098085 .  
TNFRSF11B  0.020847  1.021066  0.138497  0.151 0.880352    
AMBP       0.187367  1.206070  0.155061  1.208 0.226914    
CTSL       0.119234  1.126634  0.122727  0.972 0.331281    
CD86       0.194692  1.214937  0.108049  1.802 0.071562 .  
TINAGL1    0.301557  1.351962  0.143206  2.106 0.035226 *  
PRELP      0.284265  1.328785  0.117527  2.419 0.015575 *  
SDC1       0.205875  1.228600  0.114208  1.803 0.071446 .  
CTSO       0.176397  1.192912  0.121897  1.447 0.147868    
MMP12      0.052837  1.054258  0.126647  0.417 0.676533    
SPON1      0.034770  1.035382  0.124085  0.280 0.779312    
SPP1       0.054791  1.056320  0.114178  0.480 0.631314    
SEMA3F     0.071341  1.073947  0.170688  0.418 0.675976    
LAMP3      0.173134  1.189026  0.139580  1.240 0.214828    
DPT        0.015153  1.015268  0.157374  0.096 0.923295    
ATOX1      0.152542  1.164791  0.182398  0.836 0.402978    
HAVCR1     0.133961  1.143348  0.114545  1.170 0.242199    
ADGRE2     0.092520  1.096935  0.206710  0.448 0.654454    
CCDC80    -0.217446  0.804571  0.159883 -1.360 0.173819    
CCN5      -0.172192  0.841818  0.148657 -1.158 0.246736    
AIFM1      0.609629  1.839750  0.251668  2.422 0.015420 *  
DLL1       0.011781  1.011851  0.193023  0.061 0.951330    
GDF15     -0.192906  0.824559  0.174236 -1.107 0.268226    
MMP7       0.144164  1.155073  0.142684  1.010 0.312318    
IGFBP6     0.173992  1.190046  0.196550  0.885 0.376034    
PTN        0.183186  1.201038  0.120326  1.522 0.127906    
COMP       0.211526  1.235562  0.170363  1.242 0.214378    
CRIM1      0.104098  1.109710  0.153820  0.677 0.498562    
GAS6       0.164675  1.179009  0.138526  1.189 0.234532    
TAFA5     -0.475280  0.621711  0.164990 -2.881 0.003969 ** 
DPP7       0.131441  1.140470  0.131365  1.001 0.317031    
SCARF2    -0.179205  0.835934  0.147376 -1.216 0.223994    
ARSA       0.198312  1.219343  0.118021  1.680 0.092898 .  
HSPB6      0.142136  1.152733  0.175302  0.811 0.417477    
CST3       0.161231  1.174956  0.234165  0.689 0.491114    
IGFBP4     0.088907  1.092979  0.224984  0.395 0.692717    
ICAM2      0.220029  1.246113  0.136001  1.618 0.105695    
CSTB       0.215297  1.240231  0.137938  1.561 0.118564    
TNFRSF19   0.142738  1.153428  0.187173  0.763 0.445701    
FAM3C      0.266795  1.305772  0.182547  1.462 0.143875    
AGRN       0.128855  1.137525  0.147681  0.873 0.382924    
LGALS9    -0.002895  0.997109  0.176905 -0.016 0.986944    
ST6GAL1    0.089683  1.093827  0.124504  0.720 0.471327    
RSPO3     -0.117504  0.889137  0.153920 -0.763 0.445219    
PLXNB2    -0.044286  0.956680  0.138146 -0.321 0.748534    
TIMP1      0.094542  1.099155  0.154001  0.614 0.539278    
WFDC2     -0.194175  0.823513  0.172066 -1.128 0.259111    
KIF22     -0.061291  0.940549  0.126981 -0.483 0.629322    
CCL11      0.132962  1.142207  0.137062  0.970 0.332001    
OCLN       0.045367  1.046412  0.151530  0.299 0.764639    
SRPX       0.158841  1.172152  0.102521  1.549 0.121297    
TNFRSF14   0.345029  1.412030  0.277954  1.241 0.214490    
GCNT1      0.021327  1.021556  0.139135  0.153 0.878175    
LGALS4    -0.006428  0.993593  0.159063 -0.040 0.967766    
CLPP       0.104783  1.110470  0.155494  0.674 0.500391    
FGF2       0.338055  1.402217  0.141464  2.390 0.016863 *  
FBLN2      0.092708  1.097141  0.135679  0.683 0.494425    
NECTIN2   -0.078547  0.924459  0.221873 -0.354 0.723325    
MSR1      -0.104003  0.901223  0.142561 -0.730 0.465678    
REG4       0.002730  1.002734  0.142535  0.019 0.984716    
LGALS1    -0.177915  0.837014  0.162432 -1.095 0.273378    
DCTPP1     0.072420  1.075107  0.148902  0.486 0.626710    
GFRA1      0.057892  1.059600  0.166740  0.347 0.728443    
MILR1     -0.286348  0.751001  0.111343 -2.572 0.010118 *  
TRIM58     0.161023  1.174712  0.177546  0.907 0.364438    
CHGB       0.328889  1.389424  0.128361  2.562 0.010401 *  
ANGPTL2    0.039667  1.040464  0.130841  0.303 0.761763    
PAMR1      0.066263  1.068507  0.132020  0.502 0.615727    
COL6A3    -0.263944  0.768017  0.233049 -1.133 0.257395    
ADGRE5     0.091550  1.095871  0.209061  0.438 0.661452    
CKAP4     -0.257124  0.773273  0.170960 -1.504 0.132581    
HAVCR2    -0.151414  0.859492  0.187129 -0.809 0.418435    
FSTL3     -0.374196  0.687842  0.212759 -1.759 0.078615 .  
EFNA1      0.401928  1.494704  0.187456  2.144 0.032024 *  
SFRP1      0.073186  1.075931  0.128411  0.570 0.568720    
AHCY       0.009382  1.009426  0.183051  0.051 0.959124    
NUCB2     -0.209192  0.811240  0.202530 -1.033 0.301654    
NPDC1      0.044307  1.045303  0.196038  0.226 0.821191    
TXLNA      0.130085  1.138925  0.265944  0.489 0.624740    
TXNDC5    -0.639050  0.527793  0.240662 -2.655 0.007922 ** 
EFEMP1    -0.116324  0.890186  0.179551 -0.648 0.517075    
SOST       0.061927  1.063884  0.126028  0.491 0.623164    
KRT19      0.072790  1.075504  0.120267  0.605 0.545025    
NCR3LG1    0.011722  1.011791  0.142159  0.082 0.934282    
NBL1      -0.002744  0.997259  0.180321 -0.015 0.987857    
TNFRSF1A  -0.651765  0.521125  0.288403 -2.260 0.023827 *  
MLN        0.195704  1.216166  0.119937  1.632 0.102738    
OGN        0.244241  1.276652  0.172268  1.418 0.156250    
CLEC14A   -0.094790  0.909564  0.166852 -0.568 0.569960    
CCN3      -0.074816  0.927914  0.165725 -0.451 0.651666    
IGFBP7     0.103791  1.109369  0.128149  0.810 0.417981    
SPON2      0.271294  1.311661  0.164062  1.654 0.098208 .  
KLRB1     -0.074561  0.928150  0.147796 -0.504 0.613917    
GPR37     -0.020428  0.979779  0.127576 -0.160 0.872781    
GIPR      -0.312257  0.731793  0.129320 -2.415 0.015752 *  
MYOC       0.154313  1.166857  0.134242  1.150 0.250343    
EPS8L2     0.141966  1.152538  0.142608  0.995 0.319495    
PLA2G15   -0.008206  0.991828  0.146626 -0.056 0.955369    
CNTN1     -0.027718  0.972663  0.135871 -0.204 0.838352    
SCARB2    -0.206805  0.813179  0.162853 -1.270 0.204127    
SNCG       0.140562  1.150920  0.126016  1.115 0.264668    
ACVRL1    -0.076700  0.926168  0.171939 -0.446 0.655535    
EFNA4     -0.217821  0.804270  0.204063 -1.067 0.285782    
NPTX2      0.245782  1.278621  0.124845  1.969 0.048988 *  
ULBP2      0.150259  1.162136  0.138152  1.088 0.276757    
DDAH1      0.128512  1.137135  0.156380  0.822 0.411194    
LAG3       0.062668  1.064674  0.136708  0.458 0.646657    
TNFRSF10A  0.174871  1.191093  0.119508  1.463 0.143395    
HLA.E     -0.120239  0.886709  0.147179 -0.817 0.413953    
SCAMP3    -0.345014  0.708211  0.308477 -1.118 0.263378    
GDNF       0.109927  1.116197  0.109395  1.005 0.314959    
WNT9A      0.046926  1.048044  0.131630  0.356 0.721469    
ADGRB3    -0.016394  0.983739  0.108409 -0.151 0.879798    
DCN       -0.179835  0.835408  0.131546 -1.367 0.171597    
PIK3IP1    0.154155  1.166672  0.230711  0.668 0.504021    
RARRES2    0.105945  1.111761  0.180780  0.586 0.557846    
TNFRSF12A -0.158214  0.853667  0.163746 -0.966 0.333934    
MDK        0.014123  1.014223  0.141614  0.100 0.920560    
MIA        0.109077  1.115248  0.108318  1.007 0.313932    
SMOC2     -0.235588  0.790106  0.153798 -1.532 0.125570    
ZNRD2     -0.140461  0.868958  0.141828 -0.990 0.321998    
CD302      0.150856  1.162829  0.145847  1.034 0.300978    
NFASC     -0.429626  0.650752  0.151640 -2.833 0.004608 ** 
ECHS1     -0.155119  0.856313  0.218249 -0.711 0.477242    
 [ reached getOption("max.print") -- omitted 88 rows ]
---
Signif. codes:  0 ‘***’ 0.001 ‘**’ 0.01 ‘*’ 0.05 ‘.’ 0.1 ‘ ’ 1

          exp(coef) exp(-coef) lower .95 upper .95
SLAMF7       1.2409     0.8058    0.9913    1.5535
SLAMF1       1.4646     0.6828    1.2050    1.7802
TNFRSF17     1.1862     0.8430    0.9553    1.4729
CNTN5        1.1705     0.8543    0.9783    1.4006
QPCT         1.3088     0.7640    1.0582    1.6188
TNFSF13B     0.6933     1.4423    0.5485    0.8763
FCRL5        1.0414     0.9602    0.8191    1.3241
IL5RA        1.2196     0.8199    1.0489    1.4181
LY9          1.3614     0.7346    1.0542    1.7581
FRZB         1.1920     0.8389    0.9634    1.4747
CD79B        1.2640     0.7911    0.9735    1.6412
ICAM3        0.7377     1.3556    0.5857    0.9291
TNFSF13      0.5089     1.9650    0.3874    0.6686
CD48         1.2331     0.8109    0.9373    1.6225
SMOC1        0.9533     1.0489    0.7177    1.2663
COL18A1      1.3237     0.7555    0.9345    1.8751
HGF          0.8842     1.1309    0.6747    1.1589
EDA2R        1.0856     0.9212    0.7654    1.5396
RNASET2      1.0851     0.9216    0.8327    1.4139
ADA2         1.1327     0.8829    0.8424    1.5229
LTBP2        1.2575     0.7952    0.8613    1.8359
ADM          1.4072     0.7107    0.9990    1.9821
MERTK        0.9558     1.0462    0.7599    1.2023
FCRLB        1.2303     0.8128    1.0999    1.3761
BMP6         1.0737     0.9314    0.8508    1.3550
CEACAM16     0.9722     1.0286    0.7964    1.1868
RELT         1.6611     0.6020    1.2507    2.2062
MZB1         1.0680     0.9364    0.8276    1.3781
ANGPTL4      1.2300     0.8130    0.9426    1.6051
FCRL2        1.1503     0.8693    0.9549    1.3857
CD274        0.6729     1.4861    0.5190    0.8725
CDCP1        1.2318     0.8118    0.9085    1.6703
CD38         0.8331     1.2003    0.5948    1.1671
GALNT10      1.0509     0.9516    0.8327    1.3262
TNFRSF13B    0.9981     1.0019    0.8311    1.1985
MAN1A2       0.8883     1.1258    0.6968    1.1324
PAM          0.9193     1.0878    0.7199    1.1740
CRELD2       1.0803     0.9257    0.7845    1.4876
CHRDL1       0.7745     1.2912    0.5652    1.0613
FABP1        1.2776     0.7827    0.8330    1.9595
FCGR2A       1.2446     0.8035    0.9693    1.5980
SIRPB1       1.1649     0.8584    0.9024    1.5038
HYOU1        1.3074     0.7649    0.9517    1.7961
TNFRSF11B    1.0211     0.9794    0.7783    1.3395
AMBP         1.2061     0.8291    0.8900    1.6344
CTSL         1.1266     0.8876    0.8858    1.4330
CD86         1.2149     0.8231    0.9831    1.5015
TINAGL1      1.3520     0.7397    1.0211    1.7900
PRELP        1.3288     0.7526    1.0554    1.6730
SDC1         1.2286     0.8139    0.9822    1.5368
CTSO         1.1929     0.8383    0.9394    1.5148
MMP12        1.0543     0.9485    0.8225    1.3513
SPON1        1.0354     0.9658    0.8119    1.3204
SPP1         1.0563     0.9467    0.8445    1.3212
SEMA3F       1.0739     0.9311    0.7686    1.5006
LAMP3        1.1890     0.8410    0.9044    1.5632
DPT          1.0153     0.9850    0.7458    1.3821
ATOX1        1.1648     0.8585    0.8147    1.6654
HAVCR1       1.1433     0.8746    0.9134    1.4311
ADGRE2       1.0969     0.9116    0.7315    1.6449
CCDC80       0.8046     1.2429    0.5881    1.1007
CCN5         0.8418     1.1879    0.6290    1.1266
AIFM1        1.8397     0.5436    1.1234    3.0129
DLL1         1.0119     0.9883    0.6931    1.4771
GDF15        0.8246     1.2128    0.5860    1.1602
MMP7         1.1551     0.8657    0.8733    1.5278
IGFBP6       1.1900     0.8403    0.8096    1.7493
PTN          1.2010     0.8326    0.9487    1.5205
COMP         1.2356     0.8093    0.8848    1.7254
CRIM1        1.1097     0.9011    0.8209    1.5002
GAS6         1.1790     0.8482    0.8987    1.5468
TAFA5        0.6217     1.6085    0.4499    0.8591
DPP7         1.1405     0.8768    0.8816    1.4754
SCARF2       0.8359     1.1963    0.6262    1.1159
ARSA         1.2193     0.8201    0.9675    1.5367
HSPB6        1.1527     0.8675    0.8175    1.6253
CST3         1.1750     0.8511    0.7425    1.8593
IGFBP4       1.0930     0.9149    0.7032    1.6987
ICAM2        1.2461     0.8025    0.9545    1.6268
CSTB         1.2402     0.8063    0.9464    1.6252
TNFRSF19     1.1534     0.8670    0.7992    1.6646
FAM3C        1.3058     0.7658    0.9130    1.8675
AGRN         1.1375     0.8791    0.8516    1.5194
LGALS9       0.9971     1.0029    0.7050    1.4103
ST6GAL1      1.0938     0.9142    0.8570    1.3961
RSPO3        0.8891     1.1247    0.6576    1.2022
PLXNB2       0.9567     1.0453    0.7298    1.2542
TIMP1        1.0992     0.9098    0.8128    1.4864
WFDC2        0.8235     1.2143    0.5878    1.1538
KIF22        0.9405     1.0632    0.7333    1.2063
CCL11        1.1422     0.8755    0.8731    1.4942
OCLN         1.0464     0.9556    0.7775    1.4083
SRPX         1.1722     0.8531    0.9588    1.4330
TNFRSF14     1.4120     0.7082    0.8189    2.4347
GCNT1        1.0216     0.9789    0.7777    1.3418
LGALS4       0.9936     1.0064    0.7275    1.3571
CLPP         1.1105     0.9005    0.8187    1.5061
FGF2         1.4022     0.7132    1.0627    1.8502
FBLN2        1.0971     0.9115    0.8410    1.4314
NECTIN2      0.9245     1.0817    0.5985    1.4281
MSR1         0.9012     1.1096    0.6815    1.1917
REG4         1.0027     0.9973    0.7583    1.3259
LGALS1       0.8370     1.1947    0.6088    1.1508
DCTPP1       1.0751     0.9301    0.8030    1.4395
GFRA1        1.0596     0.9438    0.7642    1.4692
MILR1        0.7510     1.3316    0.6038    0.9341
TRIM58       1.1747     0.8513    0.8295    1.6636
CHGB         1.3894     0.7197    1.0804    1.7869
ANGPTL2      1.0405     0.9611    0.8051    1.3446
PAMR1        1.0685     0.9359    0.8249    1.3841
COL6A3       0.7680     1.3021    0.4864    1.2127
ADGRE5       1.0959     0.9125    0.7275    1.6509
CKAP4        0.7733     1.2932    0.5531    1.0811
HAVCR2       0.8595     1.1635    0.5956    1.2403
FSTL3        0.6878     1.4538    0.4533    1.0437
EFNA1        1.4947     0.6690    1.0351    2.1583
SFRP1        1.0759     0.9294    0.8365    1.3838
AHCY         1.0094     0.9907    0.7051    1.4451
NUCB2        0.8112     1.2327    0.5455    1.2065
NPDC1        1.0453     0.9567    0.7118    1.5350
TXLNA        1.1389     0.8780    0.6763    1.9181
TXNDC5       0.5278     1.8947    0.3293    0.8459
EFEMP1       0.8902     1.1234    0.6261    1.2657
SOST         1.0639     0.9400    0.8310    1.3620
KRT19        1.0755     0.9298    0.8497    1.3614
NCR3LG1      1.0118     0.9883    0.7657    1.3369
NBL1         0.9973     1.0027    0.7004    1.4200
TNFRSF1A     0.5211     1.9189    0.2961    0.9171
MLN          1.2162     0.8223    0.9614    1.5385
OGN          1.2767     0.7833    0.9108    1.7894
CLEC14A      0.9096     1.0994    0.6559    1.2614
CCN3         0.9279     1.0777    0.6706    1.2840
IGFBP7       1.1094     0.9014    0.8630    1.4261
SPON2        1.3117     0.7624    0.9510    1.8091
KLRB1        0.9282     1.0774    0.6947    1.2400
GPR37        0.9798     1.0206    0.7630    1.2581
GIPR         0.7318     1.3665    0.5680    0.9429
MYOC         1.1669     0.8570    0.8969    1.5180
EPS8L2       1.1525     0.8677    0.8715    1.5242
PLA2G15      0.9918     1.0082    0.7441    1.3220
CNTN1        0.9727     1.0281    0.7453    1.2695
SCARB2       0.8132     1.2297    0.5910    1.1189
SNCG         1.1509     0.8689    0.8990    1.4734
ACVRL1       0.9262     1.0797    0.6612    1.2973
EFNA4        0.8043     1.2434    0.5391    1.1998
NPTX2        1.2786     0.7821    1.0011    1.6331
ULBP2        1.1621     0.8605    0.8865    1.5235
DDAH1        1.1371     0.8794    0.8370    1.5450
LAG3         1.0647     0.9393    0.8144    1.3918
TNFRSF10A    1.1911     0.8396    0.9424    1.5055
HLA.E        0.8867     1.1278    0.6645    1.1832
SCAMP3       0.7082     1.4120    0.3869    1.2964
GDNF         1.1162     0.8959    0.9008    1.3831
WNT9A        1.0480     0.9542    0.8097    1.3565
ADGRB3       0.9837     1.0165    0.7954    1.2166
DCN          0.8354     1.1970    0.6455    1.0811
PIK3IP1      1.1667     0.8571    0.7423    1.8337
RARRES2      1.1118     0.8995    0.7801    1.5845
TNFRSF12A    0.8537     1.1714    0.6193    1.1767
MDK          1.0142     0.9860    0.7684    1.3387
MIA          1.1152     0.8967    0.9019    1.3790
SMOC2        0.7901     1.2657    0.5845    1.0681
ZNRD2        0.8690     1.1508    0.6581    1.1474
CD302        1.1628     0.8600    0.8737    1.5476
NFASC        0.6508     1.5367    0.4834    0.8760
ECHS1        0.8563     1.1678    0.5583    1.3134
GGA1         0.7615     1.3132    0.5868    0.9882
SCGB1A1      1.0766     0.9288    0.8450    1.3716
IFI30        1.0760     0.9294    0.8127    1.4247
PRCP         1.2295     0.8133    0.9183    1.6463
GLB1         1.0678     0.9365    0.7905    1.4423
B4GALT1      1.0488     0.9535    0.7828    1.4052
JAM2         1.1722     0.8531    0.8229    1.6698
NEFL         0.9959     1.0041    0.7873    1.2599
CD28         1.3668     0.7316    1.1693    1.5977
ARHGEF12     1.7608     0.5679    0.9784    3.1690
THBD         1.1240     0.8896    0.7945    1.5902
BSG          0.9185     1.0888    0.6994    1.2062
GRPEL1       1.0284     0.9724    0.7366    1.4357
FGFBP3       1.1181     0.8944    0.8740    1.4304
NPL          0.8869     1.1275    0.6846    1.1491
PRDX3        0.9107     1.0981    0.6502    1.2756
CD99         0.9932     1.0068    0.7056    1.3980
CANT1        0.5912     1.6914    0.4325    0.8082
RBP5         0.9541     1.0481    0.6795    1.3396
CLEC11A      1.0746     0.9306    0.8480    1.3619
DCTN1        0.9673     1.0338    0.6209    1.5071
TGFB1        0.7815     1.2796    0.5582    1.0940
IL18BP       0.7132     1.4020    0.4672    1.0888
RTBDN        0.9301     1.0752    0.7568    1.1430
NOTCH3       0.8708     1.1484    0.6234    1.2163
CSF1         1.1406     0.8768    0.7991    1.6279
ITM2A        0.8642     1.1571    0.7035    1.0617
TNFRSF11A    0.9648     1.0365    0.7055    1.3193
LILRB4       0.8431     1.1861    0.6519    1.0904
SHMT1        1.0094     0.9907    0.7511    1.3566
PTS          1.0597     0.9437    0.8078    1.3901
GIPC2        1.1414     0.8761    0.8991    1.4488
PTPRS        1.2631     0.7917    0.9524    1.6752
DKK1         1.2852     0.7781    0.8716    1.8949
NFU1         1.3196     0.7578    0.7452    2.3367
CCL27        0.8234     1.2145    0.6400    1.0592
CD300E       1.0980     0.9107    0.7849    1.5361
CD63         1.0995     0.9095    0.7742    1.5616
C1R          0.7368     1.3573    0.5749    0.9443
CXCL16       1.1219     0.8914    0.8722    1.4430
VWC2         1.2152     0.8229    0.9181    1.6085
RBP2         0.9167     1.0909    0.6539    1.2850
MYH9         1.3337     0.7498    0.9739    1.8263
COX5B        0.9310     1.0742    0.6552    1.3227
TRIM21       1.2201     0.8196    0.8986    1.6567
DTX3         0.8798     1.1367    0.6525    1.1861
FOLR1        1.3425     0.7449    0.9927    1.8154
DTNB         1.0074     0.9926    0.7177    1.4142
SEMA7A       0.8769     1.1404    0.6817    1.1280
ESAM         0.9450     1.0583    0.6028    1.4812
DKK4         0.9431     1.0603    0.7435    1.1962
CLEC4A       0.7358     1.3591    0.6053    0.8943
PPP1R9B      0.9164     1.0912    0.5908    1.4215
NRP2         0.7609     1.3142    0.5643    1.0260
CXCL9        1.0285     0.9723    0.7656    1.3817
TREM2        1.0221     0.9784    0.7792    1.3407
FUT8         1.2277     0.8146    0.9565    1.5757
IL1RL1       0.9274     1.0783    0.7422    1.1588
IL10RB       0.9221     1.0845    0.6681    1.2725
THBS4        0.9765     1.0240    0.7016    1.3591
SORD         0.9646     1.0367    0.7167    1.2983
LRP11        0.9296     1.0758    0.6781    1.2742
CD27         0.5657     1.7679    0.4247    0.7533
DUT          0.6164     1.6223    0.3734    1.0174
REN          1.1091     0.9016    0.8918    1.3793
DPY30        0.8133     1.2295    0.5350    1.2365
BCR          0.5923     1.6885    0.3477    1.0087
ATP5IF1      0.8606     1.1619    0.5476    1.3526
IFNLR1       0.9075     1.1019    0.7132    1.1547
PTPRF        0.9716     1.0292    0.7650    1.2341
HNMT         0.9443     1.0590    0.7275    1.2256
PILRA        1.0269     0.9738    0.7957    1.3253
MECR         1.1068     0.9035    0.6451    1.8988
BACH1        1.2247     0.8165    0.8017    1.8708
PECAM1       0.6638     1.5065    0.4769    0.9239
CSPG4        0.8302     1.2045    0.6146    1.1215
CD59         0.6267     1.5958    0.4283    0.9168
SIGLEC1      0.8463     1.1816    0.6786    1.0555
CD200        0.9264     1.0795    0.7112    1.2068
CHIT1        1.1264     0.8878    0.8959    1.4163
TNFSF8       0.8250     1.2122    0.6530    1.0423
CTSZ         0.6781     1.4748    0.5117    0.8986
SLMAP        0.9180     1.0893    0.5777    1.4589
KLK4         1.0602     0.9432    0.8536    1.3167
 [ reached getOption("max.print") -- omitted 4 rows ]

Concordance= 0.945  (se = 0.01 )
Likelihood ratio test= 957.8  on 254 df,   p=<2e-16
Wald test            = 946.2  on 254 df,   p=<2e-16
Score (logrank) test = 2864  on 254 df,   p=<2e-16

