=== Multivariable Cox Model (Top 50 Features) ===
Call:
coxph(formula = Surv(time, outcome) ~ ., data = cbind(outcomes, 
    X_top50))

  n= 42399, number of events= 147 

               coef exp(coef)  se(coef)      z Pr(>|z|)    
SLAMF7     0.240304  1.271636  0.092633  2.594 0.009483 ** 
SLAMF1     0.264292  1.302509  0.077512  3.410 0.000650 ***
TNFRSF17   0.088275  1.092289  0.088713  0.995 0.319703    
CNTN5      0.171882  1.187538  0.068306  2.516 0.011857 *  
QPCT       0.321516  1.379217  0.081275  3.956 7.62e-05 ***
TNFSF13B  -0.326401  0.721516  0.094631 -3.449 0.000562 ***
FCRL5      0.066246  1.068490  0.097916  0.677 0.498683    
IL5RA      0.076009  1.078972  0.062232  1.221 0.221941    
LY9        0.126801  1.135191  0.091661  1.383 0.166551    
FRZB       0.084454  1.088123  0.083957  1.006 0.314453    
CD79B     -0.125023  0.882477  0.093055 -1.344 0.179097    
ICAM3     -0.154258  0.857051  0.097227 -1.587 0.112610    
TNFSF13   -0.491593  0.611651  0.110268 -4.458 8.27e-06 ***
CD48      -0.105662  0.899729  0.107577 -0.982 0.326003    
SMOC1      0.091518  1.095836  0.101239  0.904 0.366009    
COL18A1    0.252270  1.286943  0.125910  2.004 0.045117 *  
HGF        0.020639  1.020854  0.096993  0.213 0.831491    
EDA2R     -0.016378  0.983755  0.114739 -0.143 0.886495    
RNASET2    0.006351  1.006371  0.097329  0.065 0.947977    
ADA2      -0.002517  0.997486  0.108856 -0.023 0.981555    
LTBP2      0.219452  1.245395  0.111985  1.960 0.050035 .  
ADM        0.130747  1.139680  0.120717  1.083 0.278770    
MERTK      0.012783  1.012865  0.091113  0.140 0.888420    
FCRLB      0.170478  1.185871  0.045050  3.784 0.000154 ***
BMP6      -0.038081  0.962635  0.080519 -0.473 0.636248    
CEACAM16   0.116591  1.123660  0.078553  1.484 0.137746    
RELT       0.194852  1.215131  0.125827  1.549 0.121486    
MZB1      -0.061833  0.940040  0.103358 -0.598 0.549680    
ANGPTL4    0.108009  1.114058  0.106737  1.012 0.311574    
FCRL2      0.059654  1.061470  0.069592  0.857 0.391337    
CD274     -0.151621  0.859314  0.086574 -1.751 0.079887 .  
CDCP1      0.068333  1.070722  0.100188  0.682 0.495207    
CD38      -0.338135  0.713099  0.121102 -2.792 0.005236 ** 
GALNT10    0.163897  1.178093  0.084916  1.930 0.053592 .  
TNFRSF13B  0.068956  1.071389  0.071129  0.969 0.332317    
MAN1A2    -0.069693  0.932680  0.092648 -0.752 0.451908    
PAM       -0.095911  0.908545  0.101691 -0.943 0.345600    
CRELD2     0.182470  1.200178  0.107235  1.702 0.088834 .  
CHRDL1    -0.301033  0.740053  0.114625 -2.626 0.008633 ** 
FABP1      0.191823  1.211457  0.101131  1.897 0.057856 .  
FCGR2A     0.180184  1.197438  0.110166  1.636 0.101928    
SIRPB1     0.079101  1.082313  0.105992  0.746 0.455493    
HYOU1      0.069416  1.071882  0.119069  0.583 0.559900    
TNFRSF11B  0.038147  1.038883  0.104958  0.363 0.716271    
AMBP      -0.054637  0.946829  0.116375 -0.469 0.638717    
CTSL       0.076743  1.079765  0.097645  0.786 0.431901    
CD86       0.091862  1.096214  0.093528  0.982 0.326010    
TINAGL1    0.141883  1.152441  0.108626  1.306 0.191499    
PRELP      0.259688  1.296526  0.092924  2.795 0.005196 ** 
SDC1      -0.003537  0.996469  0.089373 -0.040 0.968428    
---
Signif. codes:  0 ‘***’ 0.001 ‘**’ 0.01 ‘*’ 0.05 ‘.’ 0.1 ‘ ’ 1

          exp(coef) exp(-coef) lower .95 upper .95
SLAMF7       1.2716     0.7864    1.0605    1.5248
SLAMF1       1.3025     0.7677    1.1189    1.5162
TNFRSF17     1.0923     0.9155    0.9180    1.2997
CNTN5        1.1875     0.8421    1.0387    1.3577
QPCT         1.3792     0.7250    1.1761    1.6174
TNFSF13B     0.7215     1.3860    0.5994    0.8686
FCRL5        1.0685     0.9359    0.8819    1.2945
IL5RA        1.0790     0.9268    0.9551    1.2189
LY9          1.1352     0.8809    0.9485    1.3586
FRZB         1.0881     0.9190    0.9230    1.2827
CD79B        0.8825     1.1332    0.7354    1.0590
ICAM3        0.8571     1.1668    0.7083    1.0370
TNFSF13      0.6117     1.6349    0.4928    0.7592
CD48         0.8997     1.1114    0.7287    1.1109
SMOC1        1.0958     0.9125    0.8986    1.3364
COL18A1      1.2869     0.7770    1.0055    1.6472
HGF          1.0209     0.9796    0.8441    1.2346
EDA2R        0.9838     1.0165    0.7856    1.2318
RNASET2      1.0064     0.9937    0.8316    1.2179
ADA2         0.9975     1.0025    0.8058    1.2347
LTBP2        1.2454     0.8030    1.0000    1.5511
ADM          1.1397     0.8774    0.8996    1.4439
MERTK        1.0129     0.9873    0.8472    1.2109
FCRLB        1.1859     0.8433    1.0857    1.2953
BMP6         0.9626     1.0388    0.8221    1.1272
CEACAM16     1.1237     0.8899    0.9633    1.3107
RELT         1.2151     0.8230    0.9496    1.5550
MZB1         0.9400     1.0638    0.7677    1.1511
ANGPTL4      1.1141     0.8976    0.9038    1.3733
FCRL2        1.0615     0.9421    0.9261    1.2166
CD274        0.8593     1.1637    0.7252    1.0182
CDCP1        1.0707     0.9339    0.8798    1.3030
CD38         0.7131     1.4023    0.5624    0.9041
GALNT10      1.1781     0.8488    0.9975    1.3914
TNFRSF13B    1.0714     0.9334    0.9320    1.2317
MAN1A2       0.9327     1.0722    0.7778    1.1184
PAM          0.9085     1.1007    0.7444    1.1089
CRELD2       1.2002     0.8332    0.9727    1.4809
CHRDL1       0.7401     1.3513    0.5911    0.9265
FABP1        1.2115     0.8255    0.9936    1.4770
FCGR2A       1.1974     0.8351    0.9649    1.4860
SIRPB1       1.0823     0.9239    0.8793    1.3322
HYOU1        1.0719     0.9329    0.8488    1.3536
TNFRSF11B    1.0389     0.9626    0.8457    1.2762
AMBP         0.9468     1.0562    0.7537    1.1894
CTSL         1.0798     0.9261    0.8917    1.3075
CD86         1.0962     0.9122    0.9126    1.3168
TINAGL1      1.1524     0.8677    0.9314    1.4259
PRELP        1.2965     0.7713    1.0806    1.5555
SDC1         0.9965     1.0035    0.8364    1.1872

Concordance= 0.866  (se = 0.02 )
Likelihood ratio test= 620  on 50 df,   p=<2e-16
Wald test            = 1080  on 50 df,   p=<2e-16
Score (logrank) test = 1879  on 50 df,   p=<2e-16

